//-----------------------------------------------------------------//
//     ____                    ______ __  __  ____  _  ________    //
//    / __ \                  /  ___ |  \/  |/ __ \| |/ /  ____|   //
//   | |  | |_ __   ___ _ __ |  (___ | \  / | |  | | ' /| |__      //
//   | |  | | '_ \ / _ \ '_ \ \___  \| |\/| | |  | |  < |  __|     //
//   | |__| | |_) |  __/ | | |____)  | |  | | |__| | . \| |____    //
//    \____/| .__/ \___|_| |_|______/|_|  |_|\____/|_|\_\______|   //
//         | |                                                     //
//         |_|                                                     //
//                                                                 //
//                http://www.opensmoke.polimi.it/                  //
//             http://creckmodeling.chem.polimi.it/                //
//-----------------------------------------------------------------//

Dictionary PlugFlowReactor
{
		@KineticsFolder			../../Task0/kinetics-GRI30;
		
		@Type					Isothermal;
		
		@InletStatus          	inlet-mixture;
		
		@ResidenceTime			210 ms;
		
		@ConstantPressure		true;
		
		@Velocity				1 m/s;
		
		@ParametricAnalysis     parametric-analysis;
}

Dictionary inlet-mixture
{
		@Temperature   	680.  	C; 
		@Pressure      	1.7 	bar;
		@Moles			CH4	4.41E-03 C2H6 4.90E-04 O2 8.50E-02 H2O 1.30E-01 CO2 6.50E-02 NO 1.00E-05 NO2 3.00E-06 N2 7.15087E-01;
}

Dictionary parametric-analysis
{	
	@Type 				moles; 

	@ListOfValues		CH4	4.41E-03 C2H6 4.90E-04 O2 8.50E-02 H2O 1.30E-01 CO2 6.50E-02 NO 1.00E-05 NO2 3.00E-06 N2 7.15087E-01 :
						CH4	4.41E-03 C2H6 4.90E-04 O2 8.50E-02 H2O 1.30E-01 CO2 6.50E-02 NO 5.00E-05 NO2 1.50E-05 N2 7.15035E-01 :
						CH4	4.41E-03 C2H6 4.90E-04 O2 8.50E-02 H2O 1.30E-01 CO2 6.50E-02 NO 1.00E-04 NO2 3.00E-05 N2 7.14970E-01 :
						CH4	4.41E-03 C2H6 4.90E-04 O2 8.50E-02 H2O 1.30E-01 CO2 6.50E-02 NO 1.50E-04 NO2 4.50E-05 N2 7.14905E-01 :							
						CH4	4.41E-03 C2H6 4.90E-04 O2 8.50E-02 H2O 1.30E-01 CO2 6.50E-02 NO 2.00E-04 NO2 6.00E-05 N2 7.14840E-01 :
						CH4	4.41E-03 C2H6 4.90E-04 O2 8.50E-02 H2O 1.30E-01 CO2 6.50E-02 NO 2.50E-04 NO2 7.50E-05 N2 7.14775E-01 :
						CH4	4.41E-03 C2H6 4.90E-04 O2 8.50E-02 H2O 1.30E-01 CO2 6.50E-02 NO 3.00E-04 NO2 9.00E-05 N2 7.14710E-01 :
						CH4	4.41E-03 C2H6 4.90E-04 O2 8.50E-02 H2O 1.30E-01 CO2 6.50E-02 NO 3.50E-04 NO2 1.05E-04 N2 7.14645E-01 :
						CH4	4.41E-03 C2H6 4.90E-04 O2 8.50E-02 H2O 1.30E-01 CO2 6.50E-02 NO 4.00E-04 NO2 1.20E-04 N2 7.14580E-01 :
						CH4	4.41E-03 C2H6 4.90E-04 O2 8.50E-02 H2O 1.30E-01 CO2 6.50E-02 NO 5.00E-04 NO2 1.50E-04 N2 7.14450E-01 :
						CH4	4.41E-03 C2H6 4.90E-04 O2 8.50E-02 H2O 1.30E-01 CO2 6.50E-02 NO 6.00E-04 NO2 1.80E-04 N2 7.14320E-01 :
						CH4	4.41E-03 C2H6 4.90E-04 O2 8.50E-02 H2O 1.30E-01 CO2 6.50E-02 NO 7.00E-04 NO2 2.10E-04 N2 7.14190E-01 :
						CH4	4.41E-03 C2H6 4.90E-04 O2 8.50E-02 H2O 1.30E-01 CO2 6.50E-02 NO 8.00E-04 NO2 2.40E-04 N2 7.14060E-01 :
						CH4	4.41E-03 C2H6 4.90E-04 O2 8.50E-02 H2O 1.30E-01 CO2 6.50E-02 NO 9.00E-04 NO2 2.70E-04 N2 7.13930E-01 :
						CH4	4.41E-03 C2H6 4.90E-04 O2 8.50E-02 H2O 1.30E-01 CO2 6.50E-02 NO 1.00E-03 NO2 3.00E-04 N2 7.13800E-01 :
						CH4	4.41E-03 C2H6 4.90E-04 O2 8.50E-02 H2O 1.30E-01 CO2 6.50E-02 NO 1.20E-03 NO2 3.60E-04 N2 7.13540E-01 :
						CH4	4.41E-03 C2H6 4.90E-04 O2 8.50E-02 H2O 1.30E-01 CO2 6.50E-02 NO 1.40E-03 NO2 4.20E-04 N2 7.13280E-01 :
						CH4	4.41E-03 C2H6 4.90E-04 O2 8.50E-02 H2O 1.30E-01 CO2 6.50E-02 NO 1.60E-03 NO2 4.80E-04 N2 7.13020E-01 :
						CH4	4.41E-03 C2H6 4.90E-04 O2 8.50E-02 H2O 1.30E-01 CO2 6.50E-02 NO 1.80E-03 NO2 5.40E-04 N2 7.12760E-01 ;
}